audio:
  audioEnabled: [133480192707304839, 1]
  eveampGain: [133480192783984913, 0.0]
  evevoiceGain: [133480192783984913, 0.5072463768115942]
  forceEnglishVoice: [133480192703027392, 1]
  masterVolume: [133480192783984913, 0.75]
  suppressTurret: [133480192783984913, 1]
  uiGain: [133480192783984913, 1.0]
  useCombatMusic: [133480192783984913, 0]
  useOldJukeboxOverride: [133480192783984913, 0]
  worldVolume: [133480192783984913, 0.0]
device:
  DeviceSettings: [133480192703027392, null]
  FixedWindow: [133480192703027392, 0]
  FixedWindowSettings:
  - 133480192735330747
  - {adapter: 0, height: 1080, presentInterval: 1, width: 1920}
  FullScreenResolution: [133480192703027392, null]
  FullScreenSettings:
  - 133480192735330747
  - {adapter: 0, height: 1080, presentInterval: 1, width: 1920}
  UIScaleFullscreen: [133480192737277764, 1.0]
  UIScaleFullscreenSetAutomatically: [133480192737277764, false]
  UIScaleWindowed: [133480192703027392, 1.0]
  UIScaleWindowedSetAutomatically: [133480192703027392, false]
  WindowMode: [133480192735330747, 0]
  WindowedResolution: [133480192703027392, null]
  WindowedSettings:
  - 133480192735330747
  - {adapter: 0, height: 1057, left: 784, presentInterval: 1, showState: 1, top: 1,
    width: 1858}
  antiAliasing: [133480192737277764, 0]
  aoQuality: [133480192737277764, 3]
  brightness: [133480192703027392, 1.1275510204081631]
  charClothSimulation: [133480192703027392, 1]
  charTextureQuality: [133480192703027392, 0]
  dofEnabled: [133480192737277764, true]
  fastCharacterCreation: [133480192703027392, 0]
  fsrMode: [133480192737277764, 0]
  lodQuality: [133480192703027392, 3]
  postProcessingQuality: [133480192737277764, 2]
  reflectionQuality: [133480192737277764, 3]
  resourceCacheEnabled: [133034272278928005, 1]
  shaderQuality: [133480192783984913, 2]
  shadowQuality: [133480192737277764, 2]
  textureQuality: [133480192703027392, 0]
  volumetricQuality: [133480192737277764, 2]
generic: {}
ui:
  __migrate_existing_font_size_settings_down_one_size__: [133480192783984913, true]
  clientFontSize: [133480192737813110, 2]
