audio:
  audioEnabled: [133471995626735129, 1]
  eveampGain: [133471995626735129, 0.0]
  evevoiceGain: [133471995626735129, 0.5072463768115942]
  forceEnglishVoice: [133471995626735129, 1]
  masterVolume: [133471995626735129, 0.75]
  suppressTurret: [133471995626735129, 1]
  uiGain: [133471995626735129, 1.0]
  useCombatMusic: [133471999163411342, 0]
  useOldJukeboxOverride: [133471999163411342, 0]
  worldVolume: [133471999144226839, 0.5072463768115942]
device:
  DeviceSettings: [133471995463092282, null]
  FixedWindow: [133471995463092282, 0]
  FixedWindowSettings:
  - 133471995494674601
  - {adapter: 0, height: 1080, presentInterval: 1, width: 1920}
  FullScreenResolution: [133471995463092282, null]
  FullScreenSettings:
  - 133471995494674601
  - {adapter: 0, height: 1080, presentInterval: 1, width: 1920}
  UIScaleFullscreen: [133471995626735129, 1.0]
  UIScaleFullscreenSetAutomatically: [133471995626735129, false]
  UIScaleWindowed: [133471995626735129, 1.0]
  UIScaleWindowedSetAutomatically: [133471995626735129, false]
  WindowMode: [133471995494674601, 0]
  WindowedResolution: [133471995463092282, null]
  WindowedSettings:
  - 133471995494674601
  - {adapter: 0, height: 1057, left: 784, presentInterval: 1, showState: 1, top: 1,
    width: 1858}
  antiAliasing: [133471999144226839, 0]
  aoQuality: [133471999144226839, 3]
  brightness: [133471995463092282, 1.1275510204081631]
  charClothSimulation: [133471995626735129, 1]
  charTextureQuality: [133471998736611095, 0]
  dofEnabled: [133471999144226839, true]
  fastCharacterCreation: [133471998990101506, 0]
  fsrMode: [133471999144226839, 0]
  lodQuality: [133471998748644544, 3]
  postProcessingQuality: [133471999144226839, 2]
  reflectionQuality: [133471999144226839, 3]
  resourceCacheEnabled: [133034272278928005, 1]
  shaderQuality: [133471999147525807, 2]
  shadowQuality: [133471999144226839, 2]
  textureQuality: [133471998748644544, 0]
  volumetricQuality: [133471999144226839, 2]
generic: {}
ui:
  __migrate_existing_font_size_settings_down_one_size__: [133471995625722249, true]
  clientFontSize: [133471999147525807, 2]
