audio:
  audioEnabled: [133490205514304654, 1]
  eveampGain: [133490205514304654, 0.0]
  evevoiceGain: [133490205514304654, 0.5072463768115942]
  forceEnglishVoice: [133490205514304654, 1]
  masterVolume: [133490205514304654, 0.5030864197530864]
  suppressTurret: [133490205514304654, 1]
  uiGain: [133490205514304654, 0.5]
  useCombatMusic: [133490224060709134, 0]
  useOldJukeboxOverride: [133490224060709134, 0]
  worldVolume: [133490205514304654, 0.0]
device:
  DeviceSettings: [133490205349727867, null]
  FixedWindow: [133490205349727867, 0]
  FixedWindowSettings:
  - 133490205377059801
  - {adapter: 0, height: 1080, presentInterval: 1, width: 1920}
  FullScreenResolution: [133490205349727867, null]
  FullScreenSettings:
  - 133490205377059801
  - {adapter: 0, height: 1080, presentInterval: 1, width: 1920}
  UIScaleFullscreen: [133490224062734905, 1.0]
  UIScaleFullscreenSetAutomatically: [133490224062734905, false]
  UIScaleWindowed: [133490205514304654, 1.0]
  UIScaleWindowedSetAutomatically: [133490205514304654, false]
  WindowMode: [133490205377059801, 0]
  WindowedResolution: [133490205349727867, null]
  WindowedSettings:
  - 133490205377059801
  - {adapter: 0, height: 1057, left: -6, presentInterval: 1, showState: 1, top: 0,
    width: 1920}
  antiAliasing: [133490224050043156, 0]
  aoQuality: [133490224050043156, 3]
  brightness: [133490205349727867, 1.1275510204081631]
  charClothSimulation: [133490205514304654, 1]
  charTextureQuality: [133490224050043156, 0]
  dofEnabled: [133490224050043156, true]
  fastCharacterCreation: [133490224050043156, 0]
  fsrMode: [133490224050043156, 0]
  lodQuality: [133490224050043156, 3]
  postProcessingQuality: [133490224050043156, 2]
  reflectionQuality: [133490224050043156, 3]
  resourceCacheEnabled: [133034272278928005, 1]
  shaderQuality: [133490224050043156, 2]
  shadowQuality: [133490224050043156, 2]
  textureQuality: [133490224050043156, 0]
  volumetricQuality: [133490224050043156, 2]
generic: {}
ui:
  __migrate_existing_font_size_settings_down_one_size__: [133490224062734905, true]
  clientFontSize: [133490224054154758, 2]
