audio:
  audioEnabled: [133477355718538254, 1]
  eveampGain: [133477355808842111, 0.0]
  evevoiceGain: [133477355808842111, 0.5072463768115942]
  forceEnglishVoice: [133477355716339334, 1]
  masterVolume: [133477355808842111, 0.75]
  suppressTurret: [133477355808842111, 1]
  uiGain: [133477355808842111, 1.0]
  useCombatMusic: [133477355808842111, 0]
  useOldJukeboxOverride: [133477355808842111, 0]
  worldVolume: [133477355808842111, 0.0]
device:
  DeviceSettings: [133477355716339334, null]
  FixedWindow: [133477355716339334, 0]
  FixedWindowSettings:
  - 133477355747302965
  - {adapter: 0, height: 1080, presentInterval: 1, width: 1920}
  FullScreenResolution: [133477355716339334, null]
  FullScreenSettings:
  - 133477355747302965
  - {adapter: 0, height: 1080, presentInterval: 1, width: 1920}
  UIScaleFullscreen: [133477355749020304, 1.0]
  UIScaleFullscreenSetAutomatically: [133477355749020304, false]
  UIScaleWindowed: [133477355716339334, 1.0]
  UIScaleWindowedSetAutomatically: [133477355716339334, false]
  WindowMode: [133477355747302965, 0]
  WindowedResolution: [133477355716339334, null]
  WindowedSettings:
  - 133477355747302965
  - {adapter: 0, height: 1057, left: 784, presentInterval: 1, showState: 1, top: 1,
    width: 1858}
  antiAliasing: [133477355749020304, 0]
  aoQuality: [133477355749020304, 3]
  brightness: [133477355716339334, 1.1275510204081631]
  charClothSimulation: [133477355716339334, 1]
  charTextureQuality: [133477355716339334, 0]
  dofEnabled: [133477355749020304, true]
  fastCharacterCreation: [133477355716339334, 0]
  fsrMode: [133477355749020304, 0]
  lodQuality: [133477355716339334, 3]
  postProcessingQuality: [133477355749020304, 2]
  reflectionQuality: [133477355749020304, 3]
  resourceCacheEnabled: [133034272278928005, 1]
  shaderQuality: [133477355808842111, 2]
  shadowQuality: [133477355749020304, 2]
  textureQuality: [133477355716339334, 0]
  volumetricQuality: [133477355749020304, 2]
generic: {}
ui:
  __migrate_existing_font_size_settings_down_one_size__: [133477355808842111, true]
  clientFontSize: [133477355749537567, 2]
