audio:
  audioEnabled: [133462337753472008, 1]
  eveampGain: [133462337753472008, 0.0]
  evevoiceGain: [133462337753472008, 0.7536231884057971]
  forceEnglishVoice: [133462337753472008, 1]
  masterVolume: [133462337753472008, 1.0]
  suppressTurret: [133462337753472008, 1]
  uiGain: [133462337753472008, 1.0]
  useCombatMusic: [133462361121949117, 0]
  useOldJukeboxOverride: [133462361121949117, 0]
  worldVolume: [133462337753472008, 0.5072463768115942]
device:
  DeviceSettings: [133462337599264712, null]
  FixedWindow: [133462337599264712, 0]
  FixedWindowSettings:
  - 133462337633808024
  - {adapter: 0, height: 1080, presentInterval: 1, width: 1920}
  FullScreenResolution: [133462337599264712, null]
  FullScreenSettings:
  - 133462337633808024
  - {adapter: 0, height: 1080, presentInterval: 1, width: 1920}
  UIScaleFullscreen: [133462361123612218, 1.0]
  UIScaleFullscreenSetAutomatically: [133462361123612218, false]
  UIScaleWindowed: [133462337753472008, 1.0]
  UIScaleWindowedSetAutomatically: [133462337753472008, false]
  WindowMode: [133462337633808024, 0]
  WindowedResolution: [133462337599264712, null]
  WindowedSettings:
  - 133462337633808024
  - {adapter: 0, height: 1057, left: -10, presentInterval: 1, showState: 0, top: 0,
    width: 1920}
  antiAliasing: [133462361027946728, 0]
  aoQuality: [133462361027946728, 3]
  brightness: [133462337599264712, 1.1275510204081631]
  charClothSimulation: [133462337753472008, 1]
  charTextureQuality: [133462361027946728, 0]
  dofEnabled: [133462361027946728, true]
  fastCharacterCreation: [133462361027946728, 0]
  fsrMode: [133462361027946728, 0]
  lodQuality: [133462361027946728, 3]
  postProcessingQuality: [133462361027946728, 2]
  reflectionQuality: [133462361027946728, 3]
  resourceCacheEnabled: [133034272278928005, 1]
  shaderQuality: [133462361080936325, 2]
  shadowQuality: [133462361027946728, 2]
  textureQuality: [133462361123612218, 0]
  volumetricQuality: [133462361027946728, 2]
generic: {}
ui:
  __migrate_existing_font_size_settings_down_one_size__: [133462361123612218, true]
  clientFontSize: [133462361112613140, 2]
