audio:
  audioEnabled: [133477046311397087, 1]
  eveampGain: [133477046311397087, 0.0]
  evevoiceGain: [133477046311397087, 0.5072463768115942]
  forceEnglishVoice: [133477046311397087, 1]
  masterVolume: [133477046311397087, 0.75]
  suppressTurret: [133477046311397087, 1]
  uiGain: [133477046311397087, 1.0]
  useCombatMusic: [133477127130927737, 0]
  useOldJukeboxOverride: [133477127130927737, 0]
  worldVolume: [133477127035585087, 0.5072463768115942]
device:
  DeviceSettings: [133477046133541617, null]
  FixedWindow: [133477046133541617, 0]
  FixedWindowSettings:
  - 133477046165906503
  - {adapter: 0, height: 1080, presentInterval: 1, width: 1920}
  FullScreenResolution: [133477046133541617, null]
  FullScreenSettings:
  - 133477046165906503
  - {adapter: 0, height: 1080, presentInterval: 1, width: 1920}
  UIScaleFullscreen: [133477070459746464, 1.0]
  UIScaleFullscreenSetAutomatically: [133477070459746464, false]
  UIScaleWindowed: [133477046311397087, 1.0]
  UIScaleWindowedSetAutomatically: [133477046311397087, false]
  WindowMode: [133477046165906503, 0]
  WindowedResolution: [133477046133541617, null]
  WindowedSettings:
  - 133477046165906503
  - {adapter: 0, height: 1057, left: 784, presentInterval: 1, showState: 1, top: 1,
    width: 1858}
  antiAliasing: [133477127059340686, 0]
  aoQuality: [133477127059340686, 3]
  brightness: [133477046133541617, 1.1275510204081631]
  charClothSimulation: [133477046311397087, 1]
  charTextureQuality: [133477125809642606, 0]
  dofEnabled: [133477127035585087, true]
  fastCharacterCreation: [133477126481082384, 0]
  fsrMode: [133477127059340686, 0]
  lodQuality: [133477127059340686, 3]
  postProcessingQuality: [133477127059340686, 2]
  reflectionQuality: [133477127059340686, 3]
  resourceCacheEnabled: [133034272278928005, 1]
  shaderQuality: [133477127124797679, 2]
  shadowQuality: [133477127059340686, 2]
  textureQuality: [133477127059340686, 0]
  volumetricQuality: [133477127059340686, 2]
generic: {}
ui:
  __migrate_existing_font_size_settings_down_one_size__: [133477070459746464, true]
  clientFontSize: [133477127124797679, 2]
