audio:
  audioEnabled: [133468658648014283, 1]
  eveampGain: [133468658648014283, 0.0]
  evevoiceGain: [133468658648014283, 0.5072463768115942]
  forceEnglishVoice: [133468658648014283, 1]
  masterVolume: [133468658648014283, 1.0]
  suppressTurret: [133468658648014283, 1]
  uiGain: [133468658648014283, 1.0]
  useCombatMusic: [133468693794942247, 0]
  useOldJukeboxOverride: [133468693794942247, 0]
  worldVolume: [133468658648014283, 0.5072463768115942]
device:
  DeviceSettings: [133468658503659046, null]
  FixedWindow: [133468658503659046, 0]
  FixedWindowSettings:
  - 133468658507887448
  - {adapter: 0, height: 1080, presentInterval: 1, width: 1920}
  FullScreenResolution: [133468658503659046, null]
  FullScreenSettings:
  - 133468658507887448
  - {adapter: 0, height: 1080, presentInterval: 1, width: 1920}
  UIScaleFullscreen: [133468693798217535, 1.0]
  UIScaleFullscreenSetAutomatically: [133468693798217535, false]
  UIScaleWindowed: [133468658648014283, 1.0]
  UIScaleWindowedSetAutomatically: [133468658648014283, false]
  WindowMode: [133468658507887448, 0]
  WindowedResolution: [133468658503659046, null]
  WindowedSettings:
  - 133468658507887448
  - {adapter: 0, height: 1057, left: -7, presentInterval: 1, showState: 0, top: 0,
    width: 1920}
  antiAliasing: [133468693791442141, 0]
  aoQuality: [133468693791442141, 3]
  brightness: [133468658503659046, 1.1275510204081631]
  charClothSimulation: [133468658648014283, 1]
  charTextureQuality: [133468693791442141, 0]
  dofEnabled: [133468693791442141, true]
  fastCharacterCreation: [133468693791442141, 0]
  fsrMode: [133468693791442141, 0]
  lodQuality: [133468693791442141, 3]
  postProcessingQuality: [133468693791442141, 2]
  reflectionQuality: [133468693791442141, 3]
  resourceCacheEnabled: [133034272278928005, 1]
  shaderQuality: [133468693791442141, 2]
  shadowQuality: [133468693791442141, 2]
  textureQuality: [133468693791442141, 0]
  volumetricQuality: [133468693791442141, 2]
generic: {}
ui:
  __migrate_existing_font_size_settings_down_one_size__: [133468693798217535, true]
  clientFontSize: [133468693791442141, 2]
