audio:
  audioEnabled: [133476491065671014, 1]
  eveampGain: [133476491065671014, 0.0]
  evevoiceGain: [133476491065671014, 0.5072463768115942]
  forceEnglishVoice: [133476491065671014, 1]
  masterVolume: [133476491065671014, 0.75]
  suppressTurret: [133476491065671014, 1]
  uiGain: [133476491065671014, 1.0]
  useCombatMusic: [133476670035289400, 0]
  useOldJukeboxOverride: [133476670035289400, 0]
  worldVolume: [133476505862550613, 0.5072463768115942]
device:
  DeviceSettings: [133476490930427724, null]
  FixedWindow: [133476490930427724, 0]
  FixedWindowSettings:
  - 133476490934669998
  - {adapter: 0, height: 1080, presentInterval: 1, width: 1920}
  FullScreenResolution: [133476490930427724, null]
  FullScreenSettings:
  - 133476490934669998
  - {adapter: 0, height: 1080, presentInterval: 1, width: 1920}
  UIScaleFullscreen: [133476670038948672, 1.0]
  UIScaleFullscreenSetAutomatically: [133476670038948672, false]
  UIScaleWindowed: [133476491065671014, 1.0]
  UIScaleWindowedSetAutomatically: [133476491065671014, false]
  WindowMode: [133476490934669998, 0]
  WindowedResolution: [133476490930427724, null]
  WindowedSettings:
  - 133476490934669998
  - {adapter: 0, height: 1057, left: 784, presentInterval: 1, showState: 1, top: 1,
    width: 1858}
  antiAliasing: [133476670034581543, 0]
  aoQuality: [133476670034581543, 3]
  brightness: [133476490930427724, 1.1275510204081631]
  charClothSimulation: [133476491065671014, 1]
  charTextureQuality: [133476670034581543, 0]
  dofEnabled: [133476670034581543, true]
  fastCharacterCreation: [133476670034581543, 0]
  fsrMode: [133476670034581543, 0]
  lodQuality: [133476670034581543, 3]
  postProcessingQuality: [133476670034581543, 2]
  reflectionQuality: [133476670034581543, 3]
  resourceCacheEnabled: [133034272278928005, 1]
  shaderQuality: [133476670034581543, 2]
  shadowQuality: [133476670034581543, 2]
  textureQuality: [133476670034581543, 0]
  volumetricQuality: [133476670034581543, 2]
generic: {}
ui:
  __migrate_existing_font_size_settings_down_one_size__: [133476670038948672, true]
  clientFontSize: [133476670034581543, 2]
