audio:
  audioEnabled: [133471010968129465, 1]
  eveampGain: [133471010968129465, 0.0]
  evevoiceGain: [133471010968129465, 0.5072463768115942]
  forceEnglishVoice: [133471010968129465, 1]
  masterVolume: [133471010968129465, 1.0]
  suppressTurret: [133471010968129465, 1]
  uiGain: [133471010968129465, 1.0]
  useCombatMusic: [133471011370435554, 0]
  useOldJukeboxOverride: [133471011370435554, 0]
  worldVolume: [133471010968129465, 0.5072463768115942]
device:
  DeviceSettings: [133471010844478687, null]
  FixedWindow: [133471010844478687, 0]
  FixedWindowSettings:
  - 133471010848704563
  - {adapter: 0, height: 1080, presentInterval: 1, width: 1920}
  FullScreenResolution: [133471010844478687, null]
  FullScreenSettings:
  - 133471010848704563
  - {adapter: 0, height: 1080, presentInterval: 1, width: 1920}
  UIScaleFullscreen: [133471011375106264, 1.0]
  UIScaleFullscreenSetAutomatically: [133471011375106264, false]
  UIScaleWindowed: [133471010968129465, 1.0]
  UIScaleWindowedSetAutomatically: [133471010968129465, false]
  WindowMode: [133471010848704563, 0]
  WindowedResolution: [133471010844478687, null]
  WindowedSettings:
  - 133471010848704563
  - {adapter: 0, height: 1057, left: 784, presentInterval: 1, showState: 1, top: 1,
    width: 1858}
  antiAliasing: [133471011234794382, 0]
  aoQuality: [133471011234794382, 3]
  brightness: [133471010844478687, 1.1275510204081631]
  charClothSimulation: [133471010968129465, 1]
  charTextureQuality: [133471011234794382, 0]
  dofEnabled: [133471011234794382, true]
  fastCharacterCreation: [133471011234794382, 0]
  fsrMode: [133471011234794382, 0]
  lodQuality: [133471011234794382, 3]
  postProcessingQuality: [133471011234794382, 2]
  reflectionQuality: [133471011234794382, 3]
  resourceCacheEnabled: [133034272278928005, 1]
  shaderQuality: [133471011298438229, 2]
  shadowQuality: [133471011234794382, 2]
  textureQuality: [133471011234794382, 0]
  volumetricQuality: [133471011234794382, 2]
generic: {}
ui:
  __migrate_existing_font_size_settings_down_one_size__: [133471011375106264, true]
  clientFontSize: [133471011298606932, 2]
