audio:
  audioEnabled: [133458243454534743, 1]
  eveampGain: [133458243579852754, 0.7536231884057971]
  evevoiceGain: [133458243524533972, 0.7536231884057971]
  forceEnglishVoice: [133458236203511698, 1]
  masterVolume: [133458243454534743, 1.0]
  suppressTurret: [133458243639860844, 1]
  uiGain: [133458243454534743, 1.0]
  useCombatMusic: [133458279650426818, 0]
  useOldJukeboxOverride: [133458279650426818, 0]
  worldVolume: [133458279572376143, 1.0]
device:
  DeviceSettings: [133458236008328839, null]
  FixedWindow: [133458236008328839, 0]
  FixedWindowSettings:
  - 133458236012690476
  - {adapter: 0, height: 1080, presentInterval: 1, width: 1920}
  FullScreenResolution: [133458236008328839, null]
  FullScreenSettings:
  - 133458236012690476
  - {adapter: 0, height: 1080, presentInterval: 1, width: 1920}
  UIScaleFullscreen: [133458243652200755, 1.0]
  UIScaleFullscreenSetAutomatically: [133458243652200755, false]
  UIScaleWindowed: [133458236203511698, 1.0]
  UIScaleWindowedSetAutomatically: [133458236203511698, false]
  WindowMode: [133458236012690476, 0]
  WindowedResolution: [133458236008328839, null]
  WindowedSettings:
  - 133458236012690476
  - {adapter: 0, height: 1057, left: 825, presentInterval: 1, showState: 1, top: 357,
    width: 1920}
  antiAliasing: [133458279596218717, 0]
  aoQuality: [133458279596218717, 3]
  brightness: [133458236008328839, 1.1275510204081631]
  charClothSimulation: [133458236203511698, 1]
  charTextureQuality: [133458278915660074, 0]
  dofEnabled: [133458279572376143, true]
  fastCharacterCreation: [133458279154354425, 0]
  fsrMode: [133458279596218717, 0]
  lodQuality: [133458279596218717, 3]
  postProcessingQuality: [133458279596218717, 2]
  reflectionQuality: [133458279596218717, 3]
  resourceCacheEnabled: [133034272278928005, 1]
  shaderQuality: [133458279638063789, 2]
  shadowQuality: [133458279596218717, 2]
  textureQuality: [133458279596218717, 0]
  volumetricQuality: [133458279596218717, 2]
generic: {}
ui:
  __migrate_existing_font_size_settings_down_one_size__: [133458243652200755, true]
  clientFontSize: [133458279643019890, 2]
