audio:
  audioEnabled: [133482525607072549, 1]
  eveampGain: [133482525694110299, 0.0]
  evevoiceGain: [133482525694110299, 0.5072463768115942]
  forceEnglishVoice: [133482525597417688, 1]
  masterVolume: [133482525694110299, 0.75]
  suppressTurret: [133482525694110299, 1]
  uiGain: [133482525694110299, 1.0]
  useCombatMusic: [133482525694110299, 0]
  useOldJukeboxOverride: [133482525694110299, 0]
  worldVolume: [133482525694110299, 0.0]
device:
  DeviceSettings: [133482525597417688, null]
  FixedWindow: [133482525597417688, 0]
  FixedWindowSettings:
  - 133482525635529718
  - {adapter: 0, height: 1080, presentInterval: 1, width: 1920}
  FullScreenResolution: [133482525597417688, null]
  FullScreenSettings:
  - 133482525635529718
  - {adapter: 0, height: 1080, presentInterval: 1, width: 1920}
  UIScaleFullscreen: [133482525638348648, 1.0]
  UIScaleFullscreenSetAutomatically: [133482525638348648, false]
  UIScaleWindowed: [133482525597417688, 1.0]
  UIScaleWindowedSetAutomatically: [133482525597417688, false]
  WindowMode: [133482525635529718, 0]
  WindowedResolution: [133482525597417688, null]
  WindowedSettings:
  - 133482525635529718
  - {adapter: 0, height: 1057, left: -6, presentInterval: 1, showState: 1, top: 0,
    width: 1920}
  antiAliasing: [133482525638348648, 0]
  aoQuality: [133482525638348648, 3]
  brightness: [133482525597417688, 1.1275510204081631]
  charClothSimulation: [133482525597417688, 1]
  charTextureQuality: [133482525597417688, 0]
  dofEnabled: [133482525638348648, true]
  fastCharacterCreation: [133482525597417688, 0]
  fsrMode: [133482525638348648, 0]
  lodQuality: [133482525597417688, 3]
  postProcessingQuality: [133482525638348648, 2]
  reflectionQuality: [133482525638348648, 3]
  resourceCacheEnabled: [133034272278928005, 1]
  shaderQuality: [133482525694110299, 2]
  shadowQuality: [133482525638348648, 2]
  textureQuality: [133482525597417688, 0]
  volumetricQuality: [133482525638348648, 2]
generic: {}
ui:
  __migrate_existing_font_size_settings_down_one_size__: [133482525694110299, true]
  clientFontSize: [133482525638933656, 2]
