audio:
  audioEnabled: [133459065127270737, 1]
  eveampGain: [133459065127270737, 0.0]
  evevoiceGain: [133459065127270737, 0.7536231884057971]
  forceEnglishVoice: [133459065127270737, 1]
  masterVolume: [133459065127270737, 1.0]
  suppressTurret: [133459065127270737, 1]
  uiGain: [133459065127270737, 1.0]
  useCombatMusic: [133459127654410570, 0]
  useOldJukeboxOverride: [133459127654410570, 0]
  worldVolume: [133459065127270737, 1.0]
device:
  DeviceSettings: [133459064984977337, null]
  FixedWindow: [133459064984977337, 0]
  FixedWindowSettings:
  - 133459064989221479
  - {adapter: 0, height: 1080, presentInterval: 1, width: 1920}
  FullScreenResolution: [133459064984977337, null]
  FullScreenSettings:
  - 133459064989221479
  - {adapter: 0, height: 1080, presentInterval: 1, width: 1920}
  UIScaleFullscreen: [133459127656223712, 1.0]
  UIScaleFullscreenSetAutomatically: [133459127656223712, false]
  UIScaleWindowed: [133459065127270737, 1.0]
  UIScaleWindowedSetAutomatically: [133459065127270737, false]
  WindowMode: [133459064989221479, 0]
  WindowedResolution: [133459064984977337, null]
  WindowedSettings:
  - 133459064989221479
  - {adapter: 0, height: 1057, left: -9, presentInterval: 1, showState: 0, top: 0,
    width: 1920}
  antiAliasing: [133459127584861966, 0]
  aoQuality: [133459127584861966, 3]
  brightness: [133459064984977337, 1.1275510204081631]
  charClothSimulation: [133459065127270737, 1]
  charTextureQuality: [133459127584861966, 0]
  dofEnabled: [133459127584861966, true]
  fastCharacterCreation: [133459127584861966, 0]
  fsrMode: [133459127584861966, 0]
  lodQuality: [133459127584861966, 3]
  postProcessingQuality: [133459127584861966, 2]
  reflectionQuality: [133459127584861966, 3]
  resourceCacheEnabled: [133034272278928005, 1]
  shaderQuality: [133459127648854078, 2]
  shadowQuality: [133459127584861966, 2]
  textureQuality: [133459127584861966, 0]
  volumetricQuality: [133459127584861966, 2]
generic: {}
ui:
  __migrate_existing_font_size_settings_down_one_size__: [133459127656223712, true]
  clientFontSize: [133459127656223712, 2]
