audio:
  audioEnabled: [133479696215536724, 1]
  eveampGain: [133479696309739016, 0.0]
  evevoiceGain: [133479696309739016, 0.5072463768115942]
  forceEnglishVoice: [133479696211326506, 1]
  masterVolume: [133479696309739016, 0.75]
  suppressTurret: [133479696309739016, 1]
  uiGain: [133479696309739016, 1.0]
  useCombatMusic: [133479696309739016, 0]
  useOldJukeboxOverride: [133479696309739016, 0]
  worldVolume: [133479696309739016, 0.0]
device:
  DeviceSettings: [133479696211326506, null]
  FixedWindow: [133479696211326506, 0]
  FixedWindowSettings:
  - 133479696242890045
  - {adapter: 0, height: 1080, presentInterval: 1, width: 1920}
  FullScreenResolution: [133479696211326506, null]
  FullScreenSettings:
  - 133479696242890045
  - {adapter: 0, height: 1080, presentInterval: 1, width: 1920}
  UIScaleFullscreen: [133479696254112813, 1.0]
  UIScaleFullscreenSetAutomatically: [133479696254112813, false]
  UIScaleWindowed: [133479696211326506, 1.0]
  UIScaleWindowedSetAutomatically: [133479696211326506, false]
  WindowMode: [133479696242890045, 0]
  WindowedResolution: [133479696211326506, null]
  WindowedSettings:
  - 133479696242890045
  - {adapter: 0, height: 1057, left: 784, presentInterval: 1, showState: 1, top: 1,
    width: 1858}
  antiAliasing: [133479696254112813, 0]
  aoQuality: [133479696254112813, 3]
  brightness: [133479696211326506, 1.1275510204081631]
  charClothSimulation: [133479696211326506, 1]
  charTextureQuality: [133479696211326506, 0]
  dofEnabled: [133479696254112813, true]
  fastCharacterCreation: [133479696211326506, 0]
  fsrMode: [133479696254112813, 0]
  lodQuality: [133479696211326506, 3]
  postProcessingQuality: [133479696254112813, 2]
  reflectionQuality: [133479696254112813, 3]
  resourceCacheEnabled: [133034272278928005, 1]
  shaderQuality: [133479696309739016, 2]
  shadowQuality: [133479696254112813, 2]
  textureQuality: [133479696211326506, 0]
  volumetricQuality: [133479696254112813, 2]
generic: {}
ui:
  __migrate_existing_font_size_settings_down_one_size__: [133479696309739016, true]
  clientFontSize: [133479696254247572, 2]
