audio:
  audioEnabled: [133485202353700941, 1]
  eveampGain: [133485202438802926, 0.0]
  evevoiceGain: [133485202438802926, 0.5072463768115942]
  forceEnglishVoice: [133485202349542212, 1]
  masterVolume: [133485202438802926, 0.75]
  suppressTurret: [133485202438802926, 1]
  uiGain: [133485202438802926, 1.0]
  useCombatMusic: [133485202438802926, 0]
  useOldJukeboxOverride: [133485202438802926, 0]
  worldVolume: [133485202438802926, 0.0]
device:
  DeviceSettings: [133485202349542212, null]
  FixedWindow: [133485202349542212, 0]
  FixedWindowSettings:
  - 133485202382102717
  - {adapter: 0, height: 1080, presentInterval: 1, width: 1920}
  FullScreenResolution: [133485202349542212, null]
  FullScreenSettings:
  - 133485202382102717
  - {adapter: 0, height: 1080, presentInterval: 1, width: 1920}
  UIScaleFullscreen: [133485202384049417, 1.0]
  UIScaleFullscreenSetAutomatically: [133485202384049417, false]
  UIScaleWindowed: [133485202349542212, 1.0]
  UIScaleWindowedSetAutomatically: [133485202349542212, false]
  WindowMode: [133485202382102717, 0]
  WindowedResolution: [133485202349542212, null]
  WindowedSettings:
  - 133485202382102717
  - {adapter: 0, height: 1057, left: -6, presentInterval: 1, showState: 1, top: 0,
    width: 1920}
  antiAliasing: [133485202384049417, 0]
  aoQuality: [133485202384049417, 3]
  brightness: [133485202349542212, 1.1275510204081631]
  charClothSimulation: [133485202349542212, 1]
  charTextureQuality: [133485202349542212, 0]
  dofEnabled: [133485202384049417, true]
  fastCharacterCreation: [133485202349542212, 0]
  fsrMode: [133485202384049417, 0]
  lodQuality: [133485202349542212, 3]
  postProcessingQuality: [133485202384049417, 2]
  reflectionQuality: [133485202384049417, 3]
  resourceCacheEnabled: [133034272278928005, 1]
  shaderQuality: [133485202438802926, 2]
  shadowQuality: [133485202384049417, 2]
  textureQuality: [133485202349542212, 0]
  volumetricQuality: [133485202384049417, 2]
generic: {}
ui:
  __migrate_existing_font_size_settings_down_one_size__: [133485202438802926, true]
  clientFontSize: [133485202384579348, 2]
